1	3.2102920899890904E+01	2.3107719476723093E-05	2.6658729325737936E-07
2	3.2112015406816518E+01	2.3093771272281563E-05	2.6642637672593134E-07
3	2.9786223267919517E+01	2.2277015222312086E-05	2.5700369073425298E-07
4	1.0686126872280829E+01	1.3897658390961771E-05	1.6033339580715743E-07
5	3.2297497765975008E-01	4.6003488565353104E-06	5.3072937419843717E-08
6	3.3064680741406949E-01	4.4830613525196072E-06	5.1719824307147474E-08
7	4.7111051811294424E-01	3.3408860813037467E-06	3.8542867823593650E-08
8	5.9960495330434771E-01	2.5208324896978214E-06	2.9082139016822713E-08
9	6.1202838546750959E-01	2.0713022642161596E-06	2.3896034599671029E-08
10	6.2016348830907120E-01	1.8304763825257576E-06	2.1117693794087107E-08
11	6.1035828894906208E-01	1.7842926163616834E-06	2.0584884607680182E-08
12	5.2566490817166511E-01	1.0205318670660473E-06	1.1773590569943087E-08
13	5.2031428056301932E-01	9.3089719140042025E-07	1.0739500399696170E-08
14	5.1667701428991875E-01	9.2177484903250175E-07	1.0634258488546944E-08
15	5.0216313702944537E-01	8.8069991249016260E-07	1.0160388439857327E-08
16	4.9576918563172795E-01	8.7059449145323484E-07	1.0043805025203428E-08
17	3.4069203793948083E-01	5.7586645528373236E-07	6.6436101470962805E-09
18	3.3769019477877543E-01	5.5589634440496203E-07	6.4132205662212013E-09
19	3.3419658602107455E-01	5.4872156671277761E-07	6.3304471637394209E-09
20	3.2051738643164646E-01	5.2884170909468528E-07	6.1010988094767754E-09
21	3.0940706610534335E-01	5.1533570546971534E-07	5.9452838251062070E-09
22	2.4267203505125021E-01	4.1828368064674657E-07	4.8256217732639426E-09
23	2.4137924069192424E-01	4.1580098258040261E-07	4.7969795804180119E-09
24	2.3314829737668652E-01	4.0245256131596058E-07	4.6429825796438156E-09
25	1.8713386707065111E-01	3.2793562530411217E-07	3.7833015413118971E-09
26	1.7107892559580223E-01	2.9330659862594307E-07	3.3837961509348876E-09
27	1.5094520419921589E-01	2.3137297620057085E-07	2.6692852802002783E-09
28	1.5046754029225889E-01	2.2995041898201797E-07	2.6528736356509418E-09
29	1.4872824848321681E-01	2.2630205570261902E-07	2.6107834894357644E-09
30	1.4194265335270193E-01	2.1171844306959277E-07	2.4425364314918220E-09
31	1.4071664336741410E-01	2.0956829786928676E-07	2.4177308080014851E-09
32	1.3761171491281837E-01	2.0337749873093331E-07	2.3463092907437461E-09
33	1.3718270502693178E-01	2.0281861820175404E-07	2.3398616424728627E-09
34	1.2259131147221893E-01	1.8396171100699572E-07	2.1223147809870276E-09
35	9.7899347053570576E-02	1.4231876806431899E-07	1.6418918014047092E-09
36	9.5607906388393171E-02	1.3762669292969829E-07	1.5877606435828049E-09
37	9.0379794321948717E-02	1.2547291387777715E-07	1.4475458957119186E-09
38	9.0067123230182039E-02	1.2485578537616974E-07	1.4404262568829455E-09
39	8.4169250262576198E-02	1.1307959464610072E-07	1.3045676398188896E-09
40	7.8680411109169873E-02	1.0267926733858779E-07	1.1845819740463078E-09
41	7.8130473078614260E-02	1.0145261121991693E-07	1.1704303856663523E-09
42	7.6792891571658015E-02	9.9251271163921439E-08	1.1450341414520309E-09
43	7.6066489641629778E-02	9.8246459619130371E-08	1.1334419118410801E-09
44	6.7250032888051245E-02	8.6409753617216678E-08	9.9688514702003548E-10
45	6.5922448059773139E-02	8.4358948618951861E-08	9.7322558364179532E-10
46	6.4990029645765196E-02	8.3131510055269405E-08	9.5906496841269645E-10
47	6.1997117485062384E-02	7.9216719353805781E-08	9.1390112358484055E-10
48	5.9386853060416744E-02	7.5802152671616621E-08	8.7450822328723296E-10
49	5.0474057810785913E-02	6.2251247893458574E-08	7.1817522687724145E-10
50	5.0120856213361376E-02	6.1619177237762966E-08	7.1088320459788821E-10
51	4.9801216641445517E-02	6.1121836437601345E-08	7.0514552295971964E-10
52	4.3407914161417094E-02	5.2853856088991715E-08	6.0976014734698023E-10
53	4.1839371623100884E-02	5.0511645134637202E-08	5.8273871499887996E-10
54	3.9357996667733847E-02	4.6667427263270894E-08	5.3838904916311836E-10
55	3.8736904453769129E-02	4.5520856569666465E-08	5.2516138392146002E-10
56	3.8058101115945410E-02	4.4288602707839447E-08	5.1094521594515566E-10
57	3.3875144518815854E-02	3.6580158501881293E-08	4.2201505223246507E-10
58	3.3655010295241365E-02	3.6086746527970402E-08	4.1632269636332856E-10
59	3.3337993961952944E-02	3.5587651030983253E-08	4.1056477127890914E-10
60	3.3238471589347431E-02	3.5408384502422534E-08	4.0849662350392909E-10
61	3.1593442822741818E-02	3.3336155662694730E-08	3.8458989926186831E-10
62	2.9485338236508101E-02	3.0869839195767105E-08	3.5613669634426143E-10
63	2.8989142104170997E-02	3.0439820477360124E-08	3.5117569072423039E-10
64	2.8153418105026487E-02	2.9534044404781345E-08	3.4072600564261460E-10
65	2.7635681126799809E-02	2.9021033596401258E-08	3.3480754350464417E-10
66	2.3264319740375856E-02	2.4252698530721333E-08	2.7979659619829730E-10
67	2.2134085007290454E-02	2.2959256731349975E-08	2.6487452010906207E-10
68	2.1856787411562932E-02	2.2631161378276197E-08	2.6108937583316897E-10
69	2.0354728193695014E-02	2.1009851449332807E-08	2.4238477688199519E-10
70	1.9739130449462634E-02	2.0400738158556125E-08	2.3535760729744047E-10
71	1.7928533198178765E-02	1.8297695816408390E-08	2.1109539630065330E-10
72	1.7491272069234863E-02	1.7773092941510740E-08	2.0504319973513414E-10
73	1.7402509623326526E-02	1.7605420881282155E-08	2.0310881409676538E-10
74	1.5810620524721136E-02	1.5920573368152405E-08	1.8367119981686494E-10
75	1.5558944800990479E-02	1.5614599541865498E-08	1.8014126540513744E-10
76	1.4953871622665512E-02	1.4915884683878618E-08	1.7208038761332122E-10
77	1.4896497409391979E-02	1.4845909228563978E-08	1.7127310036692835E-10
78	1.4822732292880893E-02	1.4780767151204811E-08	1.7052157444946010E-10
79	1.3528699706038374E-02	1.3531679475556312E-08	1.5611119947378527E-10
80	1.3276136736108682E-02	1.3271912143201918E-08	1.5311433645236915E-10
81	1.2959440375634595E-02	1.2945867797435715E-08	1.4935285407384018E-10
82	1.2888836845628689E-02	1.2891601296221802E-08	1.4872679663499435E-10
83	1.2422895678365766E-02	1.2557227736872842E-08	1.4486922245016543E-10
84	9.9777387524445770E-03	1.0050732926451740E-08	1.1595249322697568E-10
